0151
0604
0032
0271
0141
0735
0034
0652
0664
0754
0228
0683
0212
0208
0081
0013
0551
0724
0224
0698
0035
0771
0758
0253
0635
0684
0587
0632
0237
0080
0019
0744
0142
0008
0605
0619
0636
0768
0769
0056
0052
0066
0743
0654
0264
0046
0233
0766
0201
0575
0248
0263
0612
0690
0118
0243
0630
0721
0073
0671
0164
0083
0207
0261
0098
0672
0220
0668
0181
0230
0739
0041
0029
0704
0586
0624
0722
0614
0107
0010
0197
0020
0748
0258
0022
0734
0565
0275
0137
0697
0574
0048
0667
0583
0043
0566
0001
0017
0623
0702
0695
0241
0730
0023
0272
0065
0160
0221
0252
0708
0082
0108
0602
0018
0256
0015
0145
0189
0231
0710
0617
0123
0732
0720
0717
0079
0190
0211
0204
0064
0694
0727
0100
0266
0662
0114
0028
0038
0067
0171
0153
0060
0765
0626
0606
0152
0582
0124
0648
0090
0567
0074
0091
0036
0244
0643
0603
0219
0169
0068
0245
0594
0121
0077
0274
0106
0139
0585
0031
0199
0021
0014
0129
0588
0576
0198
0205
0238
0686
0037
0092
0166
0621
0631
0620
0088
0247
0002
0085
0112
0104
0174
0560
0714
0161
0577
0725
0059
0678
0657
0568
0655
0639
0729
0609
0135
0705
0666
0105
0168
0750
0062
0649
0185
0148
0044
0653
0154
0558
0216
0719
0146
0055
0618
0742
0095
0751
0240
0206
0674
0115
0738
0050
0608
0775
0127
0661
0249
0042
0589
0597
0700
0562
0167
0232
0122
0063
0071
0075
0214
0268
0682
0097
0763
0193
0665
0039
0163
0693
0673
0756
0162
0265
0553
0183
0188
0131
0745
0125
0556
0226
0027
0638
0011
0591
0593
0119
0061
0051
0026
0158
0607
0715
0179
0580
0191
0569
0613
0192
0752
0128
0093
0703
0150
0200
0049
0601
0120
0646
0579
0571
0731
0070
0726
0563
0651
0706
0598
0733
0616
0223
0222
0747
0772
0176
0069
0242
0057
0089
0134
0570
0650
0143
0156
0716
0094
0659
0600
0692
0076
0770
0675
0053
0009
0227
0004
0225
0561
0012
0173
0170
0054
0679
0084
0236
0234
0645
0759
0138
0187
0117
0267
0564
0133
0213
0627
0140
0709
0096
0177
0132
0741
0144
0103
0270
0688
0195
0749
0554
0590
0030
0005
0110
0696
0753
0611
0670
0707
0642
0136
0229
0101
0595
0186
0260
0045
0155
0599
0699
0087
0254
0025
0677
0218
0184
0701
0578
0016
0165
0615
0663
0641
0723
0740
0007
0058
0178
0656
0573
0691
0203
0637
0175
0628
0676
0196
0625
0113
0762
0257
0250
0552
0761
0660
0251
0687
0728
0559
0622
0610
0109
0757
0116
0669
0647
0130
0172
0259
0713
0658
0634
0640
0584
0629
0040
0712
0215
0006
0764
0767
0149
0024
0239
0102
0255
0685
0202
0774
0180
0033
0746
0209
0689
0273
0557
0680
0235
0194
0711
0581
0126
0072
0773
0592
0159
0078
0760
0099
0047
0572
0157
0555
0210
0644
0182
0596
0633
0736
0681
0246
0718
0269
0262
0755
0147
0003
0217
0111
0086
0737
